Cluster: 0
Total items: 20
[50.0, 20.0, 20.0, 20.0, 20.0, 20.0, 20.0, 20.0, 20.0, 20.0, 20.0, 20.0, 20.0, 20.0, 20.0, 20.0, 20.0, 20.0, 20.0, 20.0, 20.0, 50.0, 20.0, 20.0, 27883.0]
[20.0, 20.0, 20.0, 20.0, 20.0, 20.0, 50.0, 20.0, 50.0, 20.0, 20.0, 20.0, 20.0, 20.0, 20.0, 20.0, 20.0, 20.0, 20.0, 20.0, 20.0, 20.0, 20.0, 20.0, 24484.0]
[20.0, 50.0, 20.0, 20.0, 20.0, 20.0, 20.0, 20.0, 20.0, 20.0, 20.0, 20.0, 20.0, 20.0, 20.0, 20.0, 50.0, 20.0, 50.0, 20.0, 20.0, 20.0, 20.0, 20.0, 30400.0]
[20.0, 20.0, 20.0, 20.0, 20.0, 20.0, 20.0, 20.0, 50.0, 20.0, 20.0, 20.0, 20.0, 20.0, 20.0, 20.0, 20.0, 20.0, 20.0, 20.0, 20.0, 20.0, 20.0, 20.0, 30064.0]
[20.0, 20.0, 20.0, 20.0, 20.0, 50.0, 20.0, 20.0, 50.0, 50.0, 20.0, 20.0, 20.0, 20.0, 20.0, 20.0, 20.0, 20.0, 20.0, 20.0, 20.0, 20.0, 20.0, 20.0, 30757.0]
[20.0, 20.0, 20.0, 20.0, 20.0, 20.0, 20.0, 20.0, 50.0, 20.0, 20.0, 20.0, 20.0, 20.0, 50.0, 20.0, 20.0, 20.0, 20.0, 20.0, 20.0, 50.0, 20.0, 20.0, 21998.0]
[20.0, 50.0, 20.0, 20.0, 20.0, 20.0, 20.0, 20.0, 50.0, 50.0, 20.0, 20.0, 20.0, 20.0, 20.0, 20.0, 20.0, 20.0, 20.0, 20.0, 20.0, 20.0, 20.0, 20.0, 21928.0]
[20.0, 20.0, 20.0, 20.0, 20.0, 20.0, 20.0, 20.0, 50.0, 20.0, 20.0, 20.0, 20.0, 20.0, 20.0, 20.0, 50.0, 20.0, 20.0, 20.0, 20.0, 50.0, 20.0, 20.0, 22091.0]
[20.0, 20.0, 20.0, 20.0, 20.0, 20.0, 20.0, 20.0, 50.0, 20.0, 20.0, 20.0, 20.0, 20.0, 20.0, 20.0, 20.0, 20.0, 20.0, 20.0, 20.0, 20.0, 20.0, 20.0, 28830.0]
[20.0, 50.0, 20.0, 20.0, 20.0, 50.0, 20.0, 20.0, 20.0, 20.0, 20.0, 20.0, 20.0, 20.0, 20.0, 20.0, 20.0, 20.0, 20.0, 20.0, 20.0, 20.0, 20.0, 20.0, 24925.0]
[20.0, 20.0, 20.0, 20.0, 20.0, 20.0, 20.0, 20.0, 50.0, 20.0, 20.0, 20.0, 20.0, 20.0, 20.0, 50.0, 20.0, 20.0, 20.0, 20.0, 20.0, 20.0, 20.0, 20.0, 31423.0]
[20.0, 20.0, 20.0, 50.0, 20.0, 20.0, 20.0, 20.0, 50.0, 50.0, 20.0, 20.0, 20.0, 20.0, 20.0, 20.0, 20.0, 20.0, 20.0, 20.0, 20.0, 20.0, 20.0, 20.0, 23192.0]
[20.0, 20.0, 20.0, 50.0, 20.0, 20.0, 20.0, 20.0, 20.0, 20.0, 20.0, 20.0, 20.0, 20.0, 20.0, 50.0, 20.0, 20.0, 20.0, 20.0, 20.0, 20.0, 20.0, 20.0, 24015.0]
[50.0, 20.0, 20.0, 20.0, 20.0, 20.0, 50.0, 20.0, 20.0, 20.0, 20.0, 20.0, 20.0, 20.0, 20.0, 20.0, 20.0, 20.0, 20.0, 20.0, 20.0, 50.0, 20.0, 20.0, 22665.0]
[20.0, 50.0, 20.0, 20.0, 20.0, 20.0, 20.0, 20.0, 20.0, 20.0, 20.0, 20.0, 20.0, 20.0, 20.0, 20.0, 20.0, 20.0, 20.0, 20.0, 20.0, 20.0, 20.0, 20.0, 22483.0]
[50.0, 50.0, 20.0, 20.0, 20.0, 20.0, 20.0, 20.0, 20.0, 20.0, 20.0, 20.0, 20.0, 20.0, 20.0, 20.0, 50.0, 20.0, 20.0, 20.0, 20.0, 20.0, 20.0, 20.0, 26998.0]
[20.0, 20.0, 20.0, 50.0, 20.0, 20.0, 20.0, 20.0, 50.0, 20.0, 20.0, 20.0, 20.0, 20.0, 20.0, 20.0, 20.0, 20.0, 20.0, 20.0, 20.0, 20.0, 20.0, 20.0, 21174.0]
[20.0, 20.0, 20.0, 20.0, 20.0, 20.0, 20.0, 20.0, 50.0, 20.0, 20.0, 20.0, 20.0, 20.0, 20.0, 20.0, 20.0, 20.0, 20.0, 20.0, 20.0, 20.0, 20.0, 20.0, 26943.0]
[1.0, 1.0, 1.0, 1.0, 1.0, 1.0, 1.0, 1.0, 1.0, 1.0, 1.0, 1.0, 1.0, 1.0, 1.0, 1.0, 999.0, 1.0, 998.0, 1.0, 1.0, 1.0, 1.0, 1.0, 26106.0]
[20.0, 20.0, 20.0, 20.0, 20.0, 50.0, 20.0, 20.0, 50.0, 50.0, 20.0, 20.0, 20.0, 20.0, 20.0, 20.0, 20.0, 20.0, 20.0, 20.0, 20.0, 20.0, 20.0, 20.0, 24726.0]
Cluster: 1
Total items: 27
[1.0, 1002.0, 1.0, 1.0, 1.0, 1.0, 1.0, 1.0, 1.0, 1.0, 1.0, 1.0, 1.0, 1.0, 1.0, 1.0, 1.0, 1.0, 1000.0, 1.0, 1.0, 1.0, 1.0, 1.0, 112659.0]
[20.0, 20.0, 20.0, 20.0, 20.0, 20.0, 20.0, 20.0, 50.0, 20.0, 20.0, 20.0, 20.0, 20.0, 20.0, 20.0, 20.0, 20.0, 50.0, 20.0, 20.0, 20.0, 20.0, 20.0, 117737.0]
[20.0, 20.0, 20.0, 20.0, 20.0, 20.0, 20.0, 20.0, 50.0, 20.0, 20.0, 20.0, 20.0, 20.0, 20.0, 20.0, 20.0, 20.0, 20.0, 20.0, 20.0, 20.0, 20.0, 20.0, 117057.0]
[50.0, 20.0, 20.0, 20.0, 20.0, 20.0, 20.0, 20.0, 20.0, 20.0, 20.0, 20.0, 20.0, 20.0, 20.0, 20.0, 20.0, 20.0, 50.0, 20.0, 20.0, 20.0, 20.0, 20.0, 117033.0]
[20.0, 20.0, 20.0, 50.0, 20.0, 20.0, 20.0, 20.0, 50.0, 20.0, 20.0, 20.0, 20.0, 20.0, 20.0, 50.0, 20.0, 20.0, 20.0, 20.0, 20.0, 20.0, 20.0, 20.0, 119202.0]
[20.0, 20.0, 20.0, 20.0, 20.0, 50.0, 50.0, 20.0, 20.0, 20.0, 20.0, 20.0, 20.0, 20.0, 50.0, 20.0, 20.0, 20.0, 20.0, 20.0, 20.0, 20.0, 20.0, 20.0, 114301.0]
[20.0, 20.0, 20.0, 20.0, 20.0, 20.0, 20.0, 20.0, 20.0, 20.0, 20.0, 20.0, 20.0, 20.0, 20.0, 20.0, 20.0, 20.0, 50.0, 20.0, 20.0, 50.0, 20.0, 20.0, 113380.0]
[50.0, 50.0, 20.0, 20.0, 20.0, 50.0, 20.0, 20.0, 20.0, 20.0, 20.0, 20.0, 20.0, 20.0, 20.0, 20.0, 20.0, 20.0, 20.0, 20.0, 20.0, 20.0, 20.0, 20.0, 117436.0]
[50.0, 20.0, 20.0, 20.0, 20.0, 50.0, 50.0, 20.0, 20.0, 20.0, 20.0, 20.0, 20.0, 20.0, 20.0, 20.0, 20.0, 20.0, 20.0, 20.0, 20.0, 20.0, 20.0, 20.0, 117056.0]
[50.0, 20.0, 20.0, 20.0, 20.0, 20.0, 50.0, 20.0, 50.0, 20.0, 20.0, 20.0, 20.0, 20.0, 20.0, 20.0, 20.0, 20.0, 20.0, 20.0, 20.0, 20.0, 20.0, 20.0, 113331.0]
[20.0, 20.0, 20.0, 20.0, 20.0, 20.0, 20.0, 20.0, 50.0, 20.0, 20.0, 20.0, 20.0, 20.0, 50.0, 20.0, 20.0, 20.0, 20.0, 20.0, 20.0, 50.0, 20.0, 20.0, 116884.0]
[20.0, 50.0, 50.0, 20.0, 20.0, 50.0, 20.0, 20.0, 20.0, 20.0, 20.0, 20.0, 20.0, 20.0, 20.0, 20.0, 20.0, 20.0, 20.0, 20.0, 20.0, 20.0, 20.0, 20.0, 114442.0]
[50.0, 20.0, 20.0, 20.0, 20.0, 20.0, 50.0, 20.0, 50.0, 20.0, 20.0, 20.0, 20.0, 20.0, 20.0, 20.0, 20.0, 20.0, 20.0, 20.0, 20.0, 20.0, 20.0, 20.0, 113700.0]
[50.0, 20.0, 20.0, 20.0, 20.0, 20.0, 20.0, 20.0, 20.0, 20.0, 20.0, 20.0, 20.0, 20.0, 20.0, 20.0, 20.0, 20.0, 20.0, 20.0, 20.0, 50.0, 20.0, 50.0, 116974.0]
[20.0, 20.0, 20.0, 20.0, 20.0, 50.0, 20.0, 20.0, 20.0, 20.0, 20.0, 20.0, 20.0, 20.0, 20.0, 20.0, 20.0, 20.0, 50.0, 20.0, 20.0, 20.0, 20.0, 20.0, 115132.0]
[20.0, 20.0, 20.0, 20.0, 20.0, 20.0, 20.0, 20.0, 50.0, 20.0, 20.0, 20.0, 20.0, 20.0, 20.0, 20.0, 20.0, 20.0, 20.0, 20.0, 20.0, 20.0, 20.0, 20.0, 116780.0]
[50.0, 20.0, 20.0, 20.0, 20.0, 20.0, 20.0, 20.0, 50.0, 20.0, 20.0, 20.0, 20.0, 20.0, 20.0, 20.0, 20.0, 20.0, 20.0, 20.0, 20.0, 50.0, 20.0, 20.0, 113713.0]
[20.0, 20.0, 20.0, 20.0, 20.0, 50.0, 20.0, 20.0, 50.0, 20.0, 20.0, 20.0, 20.0, 20.0, 20.0, 20.0, 20.0, 20.0, 20.0, 20.0, 20.0, 20.0, 20.0, 20.0, 117034.0]
[20.0, 20.0, 20.0, 20.0, 20.0, 20.0, 20.0, 20.0, 20.0, 20.0, 20.0, 20.0, 20.0, 20.0, 20.0, 20.0, 20.0, 20.0, 20.0, 20.0, 20.0, 50.0, 20.0, 20.0, 113239.0]
[20.0, 20.0, 20.0, 20.0, 20.0, 50.0, 20.0, 20.0, 50.0, 20.0, 20.0, 20.0, 20.0, 20.0, 20.0, 20.0, 20.0, 20.0, 20.0, 20.0, 20.0, 20.0, 20.0, 20.0, 117052.0]
[20.0, 20.0, 20.0, 20.0, 20.0, 20.0, 20.0, 20.0, 50.0, 20.0, 20.0, 20.0, 20.0, 20.0, 20.0, 20.0, 20.0, 20.0, 20.0, 20.0, 20.0, 50.0, 20.0, 20.0, 113238.0]
[20.0, 20.0, 20.0, 20.0, 20.0, 20.0, 20.0, 20.0, 20.0, 20.0, 20.0, 20.0, 20.0, 20.0, 50.0, 20.0, 20.0, 20.0, 20.0, 20.0, 20.0, 50.0, 20.0, 20.0, 113600.0]
[20.0, 20.0, 50.0, 20.0, 20.0, 20.0, 20.0, 20.0, 20.0, 50.0, 50.0, 20.0, 20.0, 20.0, 20.0, 20.0, 20.0, 20.0, 20.0, 20.0, 20.0, 20.0, 20.0, 20.0, 115818.0]
[20.0, 20.0, 20.0, 20.0, 20.0, 50.0, 20.0, 20.0, 50.0, 20.0, 20.0, 20.0, 20.0, 20.0, 20.0, 50.0, 20.0, 20.0, 20.0, 20.0, 20.0, 20.0, 20.0, 20.0, 116409.0]
[20.0, 20.0, 20.0, 20.0, 20.0, 20.0, 20.0, 20.0, 20.0, 20.0, 20.0, 20.0, 20.0, 20.0, 50.0, 20.0, 20.0, 20.0, 50.0, 20.0, 20.0, 20.0, 20.0, 20.0, 115747.0]
[20.0, 50.0, 20.0, 20.0, 20.0, 50.0, 20.0, 20.0, 20.0, 20.0, 20.0, 20.0, 20.0, 20.0, 20.0, 20.0, 20.0, 20.0, 20.0, 20.0, 20.0, 20.0, 20.0, 20.0, 116321.0]
[50.0, 20.0, 20.0, 20.0, 20.0, 20.0, 50.0, 20.0, 50.0, 20.0, 20.0, 20.0, 20.0, 20.0, 20.0, 20.0, 20.0, 20.0, 20.0, 20.0, 20.0, 20.0, 20.0, 20.0, 113616.0]
Cluster: 2
Total items: 18
[1.0, 1.0, 1.0, 1.0, 1.0, 1001.0, 1001.0, 1.0, 1.0, 1.0, 1.0, 1.0, 1.0, 1.0, 1.0, 1.0, 1.0, 1.0, 1.0, 1.0, 1.0, 1.0, 1.0, 1.0, 79969.0]
[20.0, 20.0, 20.0, 20.0, 20.0, 50.0, 20.0, 20.0, 50.0, 20.0, 20.0, 20.0, 20.0, 20.0, 20.0, 50.0, 20.0, 20.0, 20.0, 20.0, 20.0, 20.0, 20.0, 20.0, 68711.0]
[20.0, 50.0, 20.0, 20.0, 20.0, 20.0, 20.0, 20.0, 20.0, 20.0, 20.0, 20.0, 20.0, 20.0, 20.0, 20.0, 50.0, 20.0, 50.0, 20.0, 20.0, 20.0, 20.0, 20.0, 76622.0]
[50.0, 20.0, 20.0, 20.0, 20.0, 20.0, 20.0, 20.0, 50.0, 20.0, 20.0, 20.0, 20.0, 20.0, 20.0, 20.0, 20.0, 20.0, 20.0, 20.0, 20.0, 20.0, 20.0, 20.0, 72152.0]
[20.0, 20.0, 20.0, 20.0, 20.0, 20.0, 20.0, 20.0, 50.0, 20.0, 50.0, 20.0, 20.0, 20.0, 50.0, 20.0, 20.0, 20.0, 20.0, 20.0, 20.0, 20.0, 20.0, 20.0, 77158.0]
[50.0, 20.0, 20.0, 50.0, 20.0, 20.0, 50.0, 20.0, 20.0, 20.0, 20.0, 20.0, 20.0, 20.0, 20.0, 20.0, 20.0, 20.0, 20.0, 20.0, 20.0, 20.0, 20.0, 20.0, 69335.0]
[20.0, 20.0, 20.0, 20.0, 20.0, 20.0, 50.0, 20.0, 50.0, 20.0, 20.0, 20.0, 20.0, 20.0, 20.0, 20.0, 20.0, 20.0, 20.0, 20.0, 20.0, 50.0, 20.0, 20.0, 73217.0]
[20.0, 20.0, 20.0, 50.0, 20.0, 20.0, 50.0, 20.0, 50.0, 20.0, 20.0, 20.0, 20.0, 20.0, 20.0, 20.0, 20.0, 20.0, 20.0, 20.0, 20.0, 20.0, 20.0, 20.0, 80799.0]
[20.0, 20.0, 20.0, 20.0, 20.0, 20.0, 20.0, 20.0, 50.0, 20.0, 20.0, 20.0, 20.0, 20.0, 20.0, 20.0, 50.0, 20.0, 20.0, 20.0, 20.0, 50.0, 20.0, 20.0, 76611.0]
[20.0, 50.0, 20.0, 20.0, 20.0, 50.0, 20.0, 20.0, 50.0, 20.0, 20.0, 20.0, 20.0, 20.0, 20.0, 20.0, 20.0, 20.0, 20.0, 20.0, 20.0, 20.0, 20.0, 20.0, 76140.0]
[20.0, 20.0, 20.0, 20.0, 20.0, 20.0, 20.0, 20.0, 20.0, 20.0, 20.0, 20.0, 20.0, 20.0, 50.0, 20.0, 50.0, 20.0, 20.0, 20.0, 20.0, 50.0, 20.0, 20.0, 70717.0]
[50.0, 50.0, 20.0, 20.0, 20.0, 50.0, 20.0, 20.0, 20.0, 20.0, 20.0, 20.0, 20.0, 20.0, 20.0, 20.0, 20.0, 20.0, 20.0, 20.0, 20.0, 20.0, 20.0, 20.0, 81056.0]
[50.0, 20.0, 20.0, 20.0, 20.0, 50.0, 50.0, 20.0, 20.0, 20.0, 20.0, 20.0, 20.0, 20.0, 20.0, 20.0, 20.0, 20.0, 20.0, 20.0, 20.0, 20.0, 20.0, 20.0, 73698.0]
[20.0, 50.0, 20.0, 20.0, 20.0, 50.0, 50.0, 20.0, 20.0, 20.0, 20.0, 20.0, 20.0, 20.0, 20.0, 20.0, 20.0, 20.0, 20.0, 20.0, 20.0, 20.0, 20.0, 20.0, 79225.0]
[20.0, 20.0, 20.0, 20.0, 20.0, 20.0, 20.0, 20.0, 50.0, 20.0, 20.0, 20.0, 20.0, 20.0, 20.0, 20.0, 20.0, 20.0, 50.0, 20.0, 20.0, 20.0, 20.0, 20.0, 68894.0]
[20.0, 20.0, 20.0, 20.0, 20.0, 20.0, 20.0, 20.0, 50.0, 20.0, 20.0, 20.0, 20.0, 20.0, 20.0, 20.0, 20.0, 20.0, 20.0, 20.0, 20.0, 20.0, 20.0, 20.0, 81495.0]
[20.0, 50.0, 20.0, 20.0, 20.0, 20.0, 20.0, 20.0, 20.0, 20.0, 50.0, 20.0, 20.0, 20.0, 50.0, 20.0, 20.0, 20.0, 20.0, 20.0, 20.0, 20.0, 20.0, 20.0, 74992.0]
[20.0, 20.0, 20.0, 20.0, 20.0, 20.0, 20.0, 20.0, 50.0, 20.0, 20.0, 20.0, 20.0, 20.0, 20.0, 20.0, 20.0, 20.0, 20.0, 20.0, 20.0, 20.0, 20.0, 20.0, 71275.0]
Cluster: 3
Total items: 53
[20.0, 50.0, 20.0, 20.0, 20.0, 20.0, 20.0, 20.0, 50.0, 20.0, 20.0, 20.0, 20.0, 20.0, 20.0, 20.0, 20.0, 20.0, 20.0, 20.0, 20.0, 20.0, 20.0, 20.0, 473.0]
[20.0, 20.0, 20.0, 20.0, 20.0, 50.0, 20.0, 20.0, 20.0, 20.0, 20.0, 20.0, 20.0, 20.0, 20.0, 20.0, 20.0, 20.0, 20.0, 50.0, 20.0, 20.0, 20.0, 20.0, 1923.0]
[20.0, 20.0, 20.0, 20.0, 20.0, 20.0, 20.0, 20.0, 50.0, 20.0, 20.0, 20.0, 20.0, 20.0, 20.0, 20.0, 20.0, 20.0, 20.0, 20.0, 20.0, 20.0, 20.0, 20.0, 202.0]
[20.0, 20.0, 20.0, 20.0, 20.0, 20.0, 50.0, 20.0, 50.0, 20.0, 20.0, 20.0, 20.0, 20.0, 20.0, 20.0, 20.0, 20.0, 20.0, 20.0, 20.0, 20.0, 20.0, 20.0, 296.0]
[20.0, 20.0, 20.0, 20.0, 20.0, 20.0, 20.0, 20.0, 50.0, 20.0, 20.0, 20.0, 20.0, 20.0, 20.0, 20.0, 20.0, 20.0, 20.0, 20.0, 20.0, 20.0, 20.0, 20.0, 1854.0]
[50.0, 50.0, 20.0, 20.0, 20.0, 20.0, 20.0, 20.0, 20.0, 20.0, 50.0, 20.0, 20.0, 20.0, 20.0, 20.0, 20.0, 20.0, 20.0, 20.0, 20.0, 20.0, 20.0, 20.0, 1213.0]
[20.0, 20.0, 20.0, 20.0, 20.0, 20.0, 20.0, 20.0, 20.0, 20.0, 20.0, 20.0, 20.0, 20.0, 50.0, 20.0, 50.0, 20.0, 50.0, 20.0, 20.0, 20.0, 20.0, 20.0, 220.0]
[20.0, 20.0, 20.0, 20.0, 20.0, 50.0, 20.0, 20.0, 20.0, 20.0, 50.0, 20.0, 20.0, 20.0, 20.0, 20.0, 20.0, 20.0, 20.0, 20.0, 20.0, 20.0, 20.0, 20.0, 2356.0]
[20.0, 20.0, 20.0, 20.0, 20.0, 20.0, 20.0, 20.0, 20.0, 20.0, 20.0, 20.0, 20.0, 20.0, 50.0, 20.0, 20.0, 20.0, 20.0, 20.0, 20.0, 20.0, 20.0, 20.0, 160.0]
[20.0, 20.0, 20.0, 20.0, 20.0, 20.0, 20.0, 20.0, 50.0, 20.0, 20.0, 20.0, 20.0, 20.0, 20.0, 20.0, 20.0, 20.0, 50.0, 20.0, 20.0, 20.0, 20.0, 20.0, 7197.0]
[20.0, 50.0, 20.0, 20.0, 20.0, 50.0, 20.0, 20.0, 20.0, 50.0, 20.0, 20.0, 20.0, 20.0, 20.0, 20.0, 20.0, 20.0, 20.0, 20.0, 20.0, 20.0, 20.0, 20.0, 1802.0]
[20.0, 20.0, 20.0, 20.0, 20.0, 50.0, 20.0, 20.0, 50.0, 20.0, 20.0, 20.0, 20.0, 20.0, 20.0, 20.0, 20.0, 20.0, 20.0, 20.0, 20.0, 20.0, 20.0, 20.0, 3891.0]
[20.0, 20.0, 20.0, 20.0, 20.0, 20.0, 20.0, 20.0, 50.0, 20.0, 20.0, 20.0, 20.0, 20.0, 50.0, 20.0, 50.0, 20.0, 20.0, 20.0, 20.0, 20.0, 20.0, 20.0, 540.0]
[50.0, 50.0, 20.0, 20.0, 20.0, 20.0, 20.0, 20.0, 50.0, 20.0, 20.0, 20.0, 20.0, 20.0, 20.0, 20.0, 20.0, 20.0, 20.0, 20.0, 20.0, 20.0, 20.0, 20.0, 650.0]
[50.0, 50.0, 20.0, 20.0, 20.0, 20.0, 20.0, 20.0, 20.0, 20.0, 20.0, 20.0, 20.0, 20.0, 20.0, 20.0, 20.0, 20.0, 20.0, 20.0, 20.0, 50.0, 20.0, 20.0, 477.0]
[20.0, 20.0, 20.0, 20.0, 20.0, 50.0, 20.0, 20.0, 20.0, 20.0, 20.0, 20.0, 20.0, 20.0, 50.0, 20.0, 20.0, 20.0, 20.0, 20.0, 20.0, 20.0, 20.0, 20.0, 5108.0]
[20.0, 20.0, 20.0, 20.0, 20.0, 50.0, 20.0, 20.0, 20.0, 20.0, 20.0, 20.0, 20.0, 20.0, 20.0, 20.0, 20.0, 20.0, 20.0, 20.0, 20.0, 20.0, 20.0, 20.0, 1013.0]
[20.0, 20.0, 20.0, 20.0, 20.0, 20.0, 50.0, 20.0, 50.0, 20.0, 20.0, 20.0, 20.0, 20.0, 20.0, 20.0, 20.0, 20.0, 20.0, 20.0, 20.0, 50.0, 20.0, 20.0, 562.0]
[20.0, 20.0, 20.0, 20.0, 20.0, 20.0, 20.0, 20.0, 50.0, 20.0, 20.0, 20.0, 20.0, 20.0, 50.0, 20.0, 50.0, 20.0, 20.0, 20.0, 20.0, 20.0, 20.0, 20.0, 603.0]
[50.0, 20.0, 20.0, 20.0, 20.0, 20.0, 50.0, 20.0, 50.0, 20.0, 20.0, 20.0, 20.0, 20.0, 20.0, 20.0, 20.0, 20.0, 20.0, 20.0, 20.0, 20.0, 20.0, 20.0, 447.0]
[50.0, 20.0, 20.0, 20.0, 20.0, 20.0, 20.0, 20.0, 50.0, 20.0, 20.0, 20.0, 20.0, 20.0, 20.0, 20.0, 20.0, 20.0, 50.0, 20.0, 20.0, 20.0, 20.0, 20.0, 382.0]
[20.0, 20.0, 20.0, 20.0, 20.0, 20.0, 20.0, 20.0, 50.0, 20.0, 20.0, 20.0, 20.0, 20.0, 50.0, 20.0, 20.0, 20.0, 20.0, 20.0, 20.0, 20.0, 20.0, 20.0, 3900.0]
[20.0, 20.0, 20.0, 20.0, 20.0, 20.0, 20.0, 20.0, 50.0, 20.0, 20.0, 20.0, 20.0, 20.0, 20.0, 20.0, 50.0, 20.0, 20.0, 20.0, 20.0, 20.0, 20.0, 20.0, 1082.0]
[50.0, 50.0, 20.0, 20.0, 20.0, 20.0, 20.0, 20.0, 20.0, 20.0, 20.0, 20.0, 20.0, 20.0, 20.0, 20.0, 20.0, 20.0, 50.0, 20.0, 20.0, 20.0, 20.0, 20.0, 214.0]
[20.0, 20.0, 20.0, 20.0, 20.0, 50.0, 20.0, 20.0, 20.0, 20.0, 20.0, 20.0, 20.0, 20.0, 20.0, 20.0, 20.0, 20.0, 20.0, 20.0, 20.0, 20.0, 20.0, 20.0, 422.0]
[20.0, 20.0, 20.0, 20.0, 20.0, 50.0, 20.0, 20.0, 20.0, 20.0, 20.0, 20.0, 20.0, 20.0, 20.0, 20.0, 20.0, 20.0, 20.0, 20.0, 20.0, 20.0, 20.0, 20.0, 8050.0]
[20.0, 20.0, 20.0, 20.0, 20.0, 50.0, 20.0, 20.0, 50.0, 20.0, 20.0, 20.0, 20.0, 20.0, 20.0, 20.0, 20.0, 20.0, 20.0, 20.0, 20.0, 20.0, 20.0, 20.0, 211.0]
[20.0, 20.0, 20.0, 20.0, 20.0, 20.0, 20.0, 20.0, 50.0, 20.0, 20.0, 20.0, 20.0, 20.0, 20.0, 20.0, 20.0, 20.0, 20.0, 20.0, 20.0, 20.0, 20.0, 20.0, 12.0]
[20.0, 20.0, 20.0, 20.0, 20.0, 50.0, 20.0, 20.0, 50.0, 20.0, 20.0, 20.0, 20.0, 20.0, 20.0, 20.0, 20.0, 20.0, 20.0, 20.0, 20.0, 20.0, 20.0, 20.0, 271.0]
[20.0, 20.0, 20.0, 20.0, 20.0, 20.0, 20.0, 20.0, 50.0, 20.0, 50.0, 20.0, 20.0, 20.0, 20.0, 20.0, 20.0, 20.0, 20.0, 20.0, 20.0, 20.0, 20.0, 50.0, 758.0]
[20.0, 20.0, 20.0, 20.0, 20.0, 20.0, 50.0, 20.0, 50.0, 20.0, 20.0, 20.0, 20.0, 20.0, 50.0, 20.0, 20.0, 20.0, 20.0, 20.0, 20.0, 20.0, 20.0, 20.0, 5671.0]
[20.0, 20.0, 20.0, 20.0, 20.0, 20.0, 20.0, 20.0, 20.0, 20.0, 20.0, 20.0, 20.0, 20.0, 50.0, 20.0, 20.0, 20.0, 20.0, 20.0, 20.0, 50.0, 20.0, 20.0, 8070.0]
[1.0, 1.0, 1.0, 1.0, 1.0, 1000.0, 1.0, 1.0, 1.0, 1.0, 1.0, 1.0, 1.0, 1.0, 1002.0, 1.0, 1.0, 1.0, 1.0, 1.0, 1.0, 1.0, 1.0, 1.0, 1713.0]
[20.0, 20.0, 20.0, 20.0, 20.0, 20.0, 20.0, 20.0, 50.0, 20.0, 20.0, 20.0, 20.0, 20.0, 20.0, 20.0, 20.0, 20.0, 50.0, 20.0, 20.0, 50.0, 20.0, 20.0, 5357.0]
[1.0, 1.0, 1.0, 1.0, 1.0, 1002.0, 1.0, 1.0, 1.0, 1.0, 1.0, 1.0, 1.0, 1.0, 1.0, 1.0, 1.0, 914.0, 1.0, 1.0, 1.0, 1.0, 1.0, 1.0, 1308.0]
[20.0, 20.0, 20.0, 20.0, 20.0, 50.0, 20.0, 20.0, 20.0, 20.0, 20.0, 20.0, 20.0, 20.0, 20.0, 20.0, 20.0, 20.0, 20.0, 20.0, 20.0, 20.0, 20.0, 20.0, 7647.0]
[20.0, 20.0, 20.0, 20.0, 20.0, 20.0, 20.0, 20.0, 50.0, 20.0, 20.0, 20.0, 20.0, 20.0, 20.0, 50.0, 20.0, 20.0, 20.0, 20.0, 20.0, 20.0, 20.0, 20.0, 286.0]
[20.0, 20.0, 20.0, 20.0, 20.0, 20.0, 50.0, 20.0, 50.0, 20.0, 20.0, 20.0, 20.0, 20.0, 20.0, 20.0, 20.0, 20.0, 20.0, 20.0, 20.0, 20.0, 20.0, 20.0, 2232.0]
[20.0, 20.0, 20.0, 20.0, 20.0, 20.0, 20.0, 20.0, 50.0, 20.0, 20.0, 20.0, 20.0, 20.0, 20.0, 20.0, 20.0, 20.0, 20.0, 20.0, 20.0, 20.0, 20.0, 20.0, 1240.0]
[20.0, 20.0, 20.0, 20.0, 20.0, 20.0, 20.0, 20.0, 50.0, 20.0, 20.0, 20.0, 20.0, 20.0, 20.0, 20.0, 20.0, 20.0, 20.0, 20.0, 20.0, 50.0, 50.0, 20.0, 7002.0]
[20.0, 20.0, 20.0, 20.0, 20.0, 50.0, 20.0, 20.0, 20.0, 20.0, 20.0, 20.0, 20.0, 20.0, 20.0, 20.0, 20.0, 20.0, 20.0, 20.0, 20.0, 20.0, 20.0, 50.0, 2678.0]
[20.0, 20.0, 20.0, 20.0, 20.0, 50.0, 20.0, 20.0, 20.0, 20.0, 20.0, 20.0, 20.0, 20.0, 50.0, 20.0, 20.0, 20.0, 20.0, 20.0, 20.0, 20.0, 20.0, 20.0, 1022.0]
[20.0, 20.0, 20.0, 20.0, 20.0, 50.0, 20.0, 20.0, 20.0, 20.0, 20.0, 20.0, 20.0, 20.0, 20.0, 20.0, 20.0, 20.0, 20.0, 20.0, 20.0, 20.0, 20.0, 20.0, 438.0]
[20.0, 20.0, 20.0, 20.0, 20.0, 50.0, 20.0, 20.0, 20.0, 20.0, 20.0, 20.0, 20.0, 20.0, 20.0, 20.0, 20.0, 20.0, 20.0, 50.0, 20.0, 20.0, 20.0, 20.0, 7662.0]
[50.0, 50.0, 20.0, 20.0, 20.0, 20.0, 20.0, 20.0, 50.0, 20.0, 20.0, 20.0, 20.0, 20.0, 20.0, 20.0, 20.0, 20.0, 20.0, 20.0, 20.0, 20.0, 20.0, 20.0, 4793.0]
[20.0, 20.0, 20.0, 20.0, 20.0, 20.0, 20.0, 20.0, 50.0, 20.0, 20.0, 20.0, 20.0, 20.0, 20.0, 20.0, 20.0, 20.0, 20.0, 20.0, 20.0, 20.0, 20.0, 20.0, 163.0]
[20.0, 20.0, 20.0, 50.0, 20.0, 20.0, 20.0, 20.0, 50.0, 20.0, 20.0, 20.0, 20.0, 20.0, 20.0, 20.0, 20.0, 20.0, 20.0, 20.0, 20.0, 50.0, 20.0, 20.0, 5522.0]
[20.0, 20.0, 20.0, 20.0, 20.0, 20.0, 20.0, 20.0, 20.0, 20.0, 20.0, 20.0, 20.0, 20.0, 50.0, 20.0, 50.0, 20.0, 20.0, 20.0, 20.0, 50.0, 20.0, 20.0, 2268.0]
[20.0, 20.0, 20.0, 20.0, 20.0, 50.0, 20.0, 20.0, 50.0, 20.0, 20.0, 20.0, 20.0, 20.0, 20.0, 20.0, 20.0, 20.0, 20.0, 20.0, 20.0, 20.0, 20.0, 20.0, 3622.0]
[20.0, 20.0, 20.0, 20.0, 20.0, 20.0, 20.0, 20.0, 20.0, 20.0, 20.0, 20.0, 20.0, 20.0, 50.0, 20.0, 20.0, 20.0, 50.0, 20.0, 20.0, 20.0, 20.0, 20.0, 3155.0]
[20.0, 50.0, 20.0, 20.0, 20.0, 50.0, 20.0, 20.0, 50.0, 20.0, 20.0, 20.0, 20.0, 20.0, 20.0, 20.0, 20.0, 20.0, 20.0, 20.0, 20.0, 20.0, 20.0, 20.0, 5258.0]
[20.0, 20.0, 20.0, 20.0, 20.0, 20.0, 50.0, 20.0, 50.0, 20.0, 20.0, 20.0, 20.0, 20.0, 20.0, 20.0, 20.0, 20.0, 20.0, 20.0, 20.0, 20.0, 20.0, 20.0, 3912.0]
[50.0, 50.0, 20.0, 20.0, 20.0, 20.0, 20.0, 20.0, 20.0, 20.0, 20.0, 20.0, 20.0, 20.0, 20.0, 20.0, 20.0, 20.0, 50.0, 20.0, 20.0, 20.0, 20.0, 20.0, 301.0]
Cluster: 4
Total items: 47
[20.0, 20.0, 20.0, 20.0, 20.0, 20.0, 20.0, 20.0, 50.0, 20.0, 20.0, 20.0, 20.0, 20.0, 20.0, 20.0, 20.0, 20.0, 20.0, 20.0, 20.0, 50.0, 50.0, 20.0, 135759.0]
[20.0, 20.0, 20.0, 20.0, 20.0, 20.0, 20.0, 20.0, 50.0, 20.0, 20.0, 20.0, 20.0, 20.0, 20.0, 20.0, 20.0, 20.0, 20.0, 20.0, 20.0, 20.0, 20.0, 20.0, 134210.0]
[20.0, 20.0, 20.0, 20.0, 20.0, 20.0, 20.0, 20.0, 20.0, 20.0, 20.0, 20.0, 20.0, 20.0, 50.0, 20.0, 50.0, 20.0, 20.0, 20.0, 20.0, 20.0, 20.0, 20.0, 135227.0]
[50.0, 50.0, 20.0, 20.0, 20.0, 20.0, 20.0, 20.0, 20.0, 20.0, 20.0, 20.0, 20.0, 20.0, 20.0, 20.0, 20.0, 20.0, 50.0, 20.0, 20.0, 20.0, 20.0, 20.0, 128834.0]
[50.0, 50.0, 20.0, 20.0, 20.0, 20.0, 20.0, 20.0, 20.0, 20.0, 20.0, 20.0, 20.0, 20.0, 20.0, 20.0, 20.0, 20.0, 20.0, 20.0, 20.0, 50.0, 20.0, 20.0, 129206.0]
[50.0, 50.0, 20.0, 20.0, 20.0, 20.0, 20.0, 20.0, 20.0, 20.0, 20.0, 20.0, 20.0, 20.0, 20.0, 20.0, 20.0, 20.0, 20.0, 20.0, 20.0, 50.0, 20.0, 20.0, 132455.0]
[20.0, 50.0, 20.0, 20.0, 20.0, 20.0, 20.0, 20.0, 20.0, 20.0, 20.0, 20.0, 20.0, 20.0, 20.0, 20.0, 20.0, 20.0, 50.0, 20.0, 20.0, 20.0, 20.0, 20.0, 132844.0]
[50.0, 20.0, 20.0, 20.0, 20.0, 20.0, 50.0, 20.0, 50.0, 20.0, 20.0, 20.0, 20.0, 20.0, 20.0, 20.0, 20.0, 20.0, 20.0, 20.0, 20.0, 20.0, 20.0, 20.0, 132306.0]
[20.0, 20.0, 20.0, 20.0, 20.0, 20.0, 20.0, 20.0, 50.0, 20.0, 20.0, 20.0, 20.0, 20.0, 20.0, 20.0, 20.0, 20.0, 20.0, 50.0, 20.0, 20.0, 20.0, 20.0, 132946.0]
[20.0, 20.0, 20.0, 50.0, 20.0, 20.0, 20.0, 20.0, 50.0, 20.0, 20.0, 20.0, 20.0, 20.0, 20.0, 20.0, 20.0, 20.0, 20.0, 20.0, 20.0, 20.0, 20.0, 20.0, 132524.0]
[20.0, 20.0, 20.0, 20.0, 20.0, 20.0, 20.0, 20.0, 20.0, 20.0, 20.0, 20.0, 20.0, 20.0, 50.0, 20.0, 20.0, 20.0, 20.0, 20.0, 20.0, 20.0, 20.0, 50.0, 131162.0]
[20.0, 20.0, 20.0, 20.0, 20.0, 20.0, 20.0, 20.0, 50.0, 20.0, 20.0, 20.0, 20.0, 20.0, 20.0, 20.0, 20.0, 20.0, 20.0, 20.0, 20.0, 20.0, 20.0, 20.0, 135610.0]
[20.0, 20.0, 20.0, 20.0, 20.0, 20.0, 50.0, 20.0, 50.0, 20.0, 20.0, 20.0, 20.0, 20.0, 20.0, 20.0, 50.0, 20.0, 20.0, 20.0, 20.0, 20.0, 20.0, 20.0, 134894.0]
[20.0, 20.0, 20.0, 20.0, 20.0, 20.0, 20.0, 20.0, 50.0, 20.0, 20.0, 20.0, 20.0, 20.0, 20.0, 20.0, 20.0, 20.0, 50.0, 20.0, 20.0, 50.0, 20.0, 20.0, 129804.0]
[50.0, 20.0, 20.0, 20.0, 20.0, 50.0, 20.0, 20.0, 20.0, 20.0, 20.0, 20.0, 20.0, 20.0, 20.0, 20.0, 20.0, 20.0, 20.0, 20.0, 20.0, 20.0, 20.0, 20.0, 129839.0]
[20.0, 20.0, 20.0, 20.0, 20.0, 50.0, 20.0, 20.0, 20.0, 20.0, 20.0, 20.0, 20.0, 20.0, 50.0, 20.0, 20.0, 20.0, 20.0, 20.0, 20.0, 20.0, 20.0, 20.0, 133154.0]
[20.0, 20.0, 20.0, 20.0, 20.0, 20.0, 20.0, 20.0, 50.0, 20.0, 20.0, 20.0, 20.0, 20.0, 20.0, 20.0, 20.0, 20.0, 20.0, 20.0, 20.0, 20.0, 50.0, 20.0, 134697.0]
[50.0, 20.0, 20.0, 20.0, 20.0, 20.0, 20.0, 20.0, 20.0, 20.0, 20.0, 20.0, 20.0, 20.0, 20.0, 20.0, 20.0, 20.0, 20.0, 20.0, 20.0, 50.0, 20.0, 20.0, 132550.0]
[20.0, 20.0, 20.0, 20.0, 20.0, 20.0, 20.0, 20.0, 50.0, 20.0, 20.0, 20.0, 20.0, 20.0, 20.0, 20.0, 20.0, 20.0, 20.0, 20.0, 20.0, 50.0, 20.0, 20.0, 136328.0]
[20.0, 20.0, 20.0, 20.0, 20.0, 20.0, 20.0, 20.0, 50.0, 20.0, 20.0, 20.0, 20.0, 20.0, 20.0, 20.0, 50.0, 20.0, 20.0, 20.0, 20.0, 50.0, 20.0, 20.0, 128978.0]
[20.0, 50.0, 20.0, 20.0, 20.0, 20.0, 20.0, 20.0, 50.0, 20.0, 20.0, 20.0, 20.0, 20.0, 20.0, 20.0, 20.0, 20.0, 20.0, 20.0, 20.0, 20.0, 20.0, 20.0, 135153.0]
[50.0, 20.0, 20.0, 20.0, 20.0, 20.0, 50.0, 20.0, 20.0, 20.0, 20.0, 20.0, 20.0, 20.0, 20.0, 20.0, 20.0, 20.0, 20.0, 20.0, 20.0, 50.0, 20.0, 20.0, 133033.0]
[20.0, 20.0, 20.0, 20.0, 20.0, 20.0, 20.0, 20.0, 50.0, 20.0, 20.0, 20.0, 20.0, 20.0, 20.0, 20.0, 20.0, 20.0, 20.0, 20.0, 20.0, 50.0, 20.0, 20.0, 135576.0]
[20.0, 20.0, 20.0, 50.0, 20.0, 20.0, 20.0, 20.0, 50.0, 20.0, 20.0, 20.0, 20.0, 20.0, 20.0, 20.0, 20.0, 20.0, 20.0, 50.0, 20.0, 20.0, 20.0, 20.0, 135531.0]
[20.0, 20.0, 20.0, 20.0, 20.0, 20.0, 20.0, 20.0, 20.0, 20.0, 20.0, 20.0, 20.0, 20.0, 50.0, 20.0, 20.0, 20.0, 20.0, 20.0, 20.0, 50.0, 20.0, 20.0, 129062.0]
[20.0, 20.0, 20.0, 20.0, 20.0, 20.0, 20.0, 20.0, 50.0, 20.0, 20.0, 20.0, 20.0, 20.0, 20.0, 20.0, 20.0, 20.0, 20.0, 20.0, 20.0, 20.0, 20.0, 20.0, 136416.0]
[20.0, 20.0, 20.0, 20.0, 20.0, 50.0, 20.0, 20.0, 50.0, 20.0, 20.0, 20.0, 20.0, 20.0, 20.0, 20.0, 20.0, 20.0, 20.0, 20.0, 20.0, 20.0, 20.0, 20.0, 132161.0]
[20.0, 20.0, 20.0, 20.0, 20.0, 20.0, 20.0, 20.0, 50.0, 20.0, 20.0, 20.0, 20.0, 20.0, 20.0, 20.0, 20.0, 20.0, 20.0, 20.0, 20.0, 20.0, 20.0, 20.0, 134563.0]
[20.0, 20.0, 20.0, 20.0, 20.0, 20.0, 20.0, 20.0, 20.0, 20.0, 20.0, 20.0, 20.0, 20.0, 50.0, 20.0, 20.0, 20.0, 20.0, 20.0, 20.0, 50.0, 20.0, 20.0, 132277.0]
[20.0, 20.0, 20.0, 50.0, 20.0, 20.0, 20.0, 20.0, 50.0, 20.0, 20.0, 20.0, 20.0, 20.0, 20.0, 20.0, 20.0, 20.0, 20.0, 20.0, 20.0, 20.0, 20.0, 20.0, 132553.0]
[20.0, 20.0, 20.0, 20.0, 20.0, 20.0, 20.0, 20.0, 50.0, 20.0, 20.0, 20.0, 20.0, 20.0, 20.0, 20.0, 20.0, 20.0, 20.0, 20.0, 20.0, 20.0, 20.0, 20.0, 133307.0]
[20.0, 20.0, 20.0, 20.0, 20.0, 20.0, 20.0, 20.0, 20.0, 20.0, 20.0, 20.0, 20.0, 20.0, 50.0, 20.0, 20.0, 20.0, 50.0, 20.0, 20.0, 50.0, 20.0, 20.0, 134667.0]
[20.0, 20.0, 20.0, 50.0, 20.0, 20.0, 20.0, 20.0, 50.0, 20.0, 20.0, 20.0, 20.0, 20.0, 20.0, 20.0, 20.0, 20.0, 20.0, 20.0, 20.0, 20.0, 20.0, 20.0, 130769.0]
[20.0, 20.0, 20.0, 20.0, 20.0, 20.0, 50.0, 20.0, 50.0, 20.0, 20.0, 20.0, 20.0, 20.0, 20.0, 20.0, 50.0, 20.0, 20.0, 20.0, 20.0, 20.0, 20.0, 20.0, 128853.0]
[20.0, 20.0, 20.0, 20.0, 20.0, 20.0, 20.0, 20.0, 20.0, 20.0, 20.0, 20.0, 20.0, 20.0, 20.0, 20.0, 20.0, 20.0, 20.0, 20.0, 20.0, 50.0, 20.0, 20.0, 134810.0]
[20.0, 20.0, 20.0, 20.0, 20.0, 20.0, 20.0, 20.0, 20.0, 20.0, 20.0, 20.0, 20.0, 20.0, 50.0, 20.0, 20.0, 20.0, 20.0, 20.0, 20.0, 20.0, 20.0, 20.0, 133065.0]
[20.0, 20.0, 20.0, 20.0, 20.0, 50.0, 50.0, 20.0, 20.0, 20.0, 20.0, 20.0, 20.0, 20.0, 20.0, 20.0, 20.0, 20.0, 20.0, 20.0, 20.0, 50.0, 20.0, 20.0, 132707.0]
[20.0, 20.0, 20.0, 20.0, 20.0, 20.0, 20.0, 20.0, 50.0, 20.0, 20.0, 20.0, 20.0, 20.0, 20.0, 20.0, 20.0, 20.0, 20.0, 20.0, 20.0, 20.0, 20.0, 20.0, 131161.0]
[20.0, 20.0, 20.0, 20.0, 20.0, 20.0, 20.0, 20.0, 50.0, 20.0, 20.0, 20.0, 20.0, 20.0, 20.0, 20.0, 20.0, 20.0, 20.0, 20.0, 20.0, 20.0, 20.0, 20.0, 133162.0]
[50.0, 20.0, 20.0, 20.0, 20.0, 20.0, 20.0, 20.0, 20.0, 20.0, 20.0, 20.0, 20.0, 20.0, 50.0, 20.0, 20.0, 20.0, 50.0, 20.0, 20.0, 20.0, 20.0, 20.0, 135304.0]
[20.0, 20.0, 20.0, 20.0, 20.0, 20.0, 20.0, 20.0, 50.0, 20.0, 20.0, 20.0, 20.0, 20.0, 20.0, 20.0, 20.0, 20.0, 20.0, 20.0, 20.0, 20.0, 20.0, 20.0, 129411.0]
[20.0, 20.0, 20.0, 20.0, 20.0, 20.0, 50.0, 20.0, 50.0, 20.0, 20.0, 20.0, 20.0, 20.0, 20.0, 20.0, 20.0, 20.0, 20.0, 20.0, 20.0, 50.0, 20.0, 20.0, 130615.0]
[20.0, 20.0, 20.0, 20.0, 20.0, 20.0, 20.0, 20.0, 50.0, 20.0, 20.0, 20.0, 20.0, 20.0, 20.0, 20.0, 20.0, 20.0, 20.0, 20.0, 20.0, 20.0, 20.0, 20.0, 134160.0]
[20.0, 20.0, 20.0, 20.0, 20.0, 20.0, 20.0, 20.0, 50.0, 50.0, 20.0, 20.0, 20.0, 20.0, 20.0, 20.0, 20.0, 20.0, 20.0, 20.0, 20.0, 20.0, 20.0, 20.0, 135588.0]
[20.0, 20.0, 20.0, 20.0, 20.0, 20.0, 20.0, 20.0, 20.0, 20.0, 20.0, 20.0, 20.0, 20.0, 20.0, 20.0, 20.0, 20.0, 20.0, 20.0, 20.0, 50.0, 20.0, 20.0, 134354.0]
[20.0, 20.0, 20.0, 20.0, 20.0, 20.0, 20.0, 20.0, 50.0, 20.0, 20.0, 20.0, 20.0, 20.0, 20.0, 20.0, 20.0, 20.0, 20.0, 20.0, 20.0, 20.0, 20.0, 20.0, 129648.0]
[20.0, 20.0, 20.0, 20.0, 20.0, 20.0, 20.0, 20.0, 50.0, 20.0, 20.0, 20.0, 20.0, 20.0, 20.0, 20.0, 20.0, 20.0, 20.0, 20.0, 20.0, 20.0, 20.0, 20.0, 134864.0]
Cluster: 5
Total items: 31
[50.0, 50.0, 20.0, 20.0, 20.0, 20.0, 20.0, 20.0, 20.0, 20.0, 20.0, 20.0, 20.0, 20.0, 20.0, 20.0, 20.0, 20.0, 50.0, 20.0, 20.0, 20.0, 20.0, 20.0, 92124.0]
[50.0, 50.0, 20.0, 20.0, 20.0, 20.0, 20.0, 20.0, 20.0, 20.0, 20.0, 20.0, 20.0, 20.0, 20.0, 20.0, 20.0, 20.0, 50.0, 20.0, 20.0, 20.0, 20.0, 20.0, 101745.0]
[50.0, 50.0, 20.0, 20.0, 20.0, 50.0, 20.0, 20.0, 20.0, 20.0, 20.0, 20.0, 20.0, 20.0, 20.0, 20.0, 20.0, 20.0, 20.0, 20.0, 20.0, 20.0, 20.0, 20.0, 94765.0]
[20.0, 20.0, 20.0, 20.0, 20.0, 20.0, 20.0, 20.0, 50.0, 20.0, 20.0, 20.0, 20.0, 20.0, 20.0, 50.0, 20.0, 20.0, 20.0, 20.0, 20.0, 20.0, 20.0, 20.0, 93689.0]
[50.0, 50.0, 20.0, 20.0, 20.0, 20.0, 20.0, 20.0, 20.0, 20.0, 20.0, 20.0, 20.0, 20.0, 20.0, 20.0, 20.0, 20.0, 20.0, 20.0, 20.0, 50.0, 20.0, 20.0, 93669.0]
[50.0, 50.0, 20.0, 20.0, 20.0, 20.0, 20.0, 20.0, 20.0, 20.0, 20.0, 20.0, 20.0, 20.0, 20.0, 20.0, 20.0, 20.0, 20.0, 20.0, 20.0, 20.0, 20.0, 20.0, 94073.0]
[20.0, 20.0, 20.0, 20.0, 20.0, 50.0, 20.0, 20.0, 50.0, 20.0, 20.0, 20.0, 20.0, 20.0, 50.0, 20.0, 20.0, 20.0, 20.0, 20.0, 20.0, 20.0, 20.0, 20.0, 93716.0]
[20.0, 20.0, 20.0, 20.0, 20.0, 20.0, 20.0, 20.0, 50.0, 20.0, 20.0, 20.0, 20.0, 20.0, 20.0, 20.0, 20.0, 20.0, 50.0, 20.0, 20.0, 50.0, 20.0, 20.0, 92410.0]
[20.0, 20.0, 20.0, 20.0, 20.0, 20.0, 50.0, 20.0, 50.0, 20.0, 20.0, 20.0, 20.0, 20.0, 20.0, 20.0, 20.0, 20.0, 20.0, 20.0, 20.0, 50.0, 20.0, 20.0, 90353.0]
[20.0, 50.0, 50.0, 20.0, 20.0, 20.0, 20.0, 20.0, 50.0, 20.0, 20.0, 20.0, 20.0, 20.0, 20.0, 20.0, 20.0, 20.0, 20.0, 20.0, 20.0, 20.0, 20.0, 20.0, 91997.0]
[20.0, 20.0, 20.0, 20.0, 20.0, 20.0, 50.0, 20.0, 50.0, 20.0, 20.0, 20.0, 20.0, 20.0, 20.0, 20.0, 20.0, 20.0, 20.0, 20.0, 20.0, 50.0, 20.0, 20.0, 93587.0]
[20.0, 20.0, 20.0, 20.0, 20.0, 50.0, 20.0, 20.0, 20.0, 20.0, 20.0, 20.0, 20.0, 20.0, 20.0, 20.0, 20.0, 20.0, 20.0, 20.0, 20.0, 20.0, 20.0, 20.0, 92362.0]
[20.0, 20.0, 20.0, 20.0, 20.0, 20.0, 20.0, 20.0, 20.0, 20.0, 20.0, 20.0, 20.0, 20.0, 20.0, 20.0, 20.0, 20.0, 50.0, 20.0, 20.0, 50.0, 20.0, 20.0, 93061.0]
[50.0, 20.0, 20.0, 20.0, 20.0, 20.0, 50.0, 20.0, 50.0, 20.0, 20.0, 20.0, 20.0, 20.0, 20.0, 20.0, 20.0, 20.0, 20.0, 20.0, 20.0, 20.0, 20.0, 20.0, 89698.0]
[20.0, 20.0, 20.0, 20.0, 20.0, 20.0, 20.0, 20.0, 50.0, 20.0, 20.0, 20.0, 20.0, 20.0, 20.0, 20.0, 20.0, 20.0, 20.0, 20.0, 20.0, 20.0, 20.0, 20.0, 92322.0]
[20.0, 20.0, 20.0, 20.0, 20.0, 20.0, 20.0, 20.0, 50.0, 20.0, 20.0, 20.0, 20.0, 20.0, 20.0, 50.0, 20.0, 20.0, 20.0, 20.0, 20.0, 20.0, 20.0, 20.0, 89786.0]
[20.0, 20.0, 20.0, 50.0, 20.0, 20.0, 20.0, 20.0, 50.0, 20.0, 20.0, 20.0, 20.0, 20.0, 20.0, 20.0, 20.0, 20.0, 20.0, 20.0, 20.0, 20.0, 20.0, 20.0, 104198.0]
[20.0, 20.0, 20.0, 20.0, 20.0, 20.0, 20.0, 20.0, 20.0, 20.0, 20.0, 20.0, 20.0, 20.0, 20.0, 20.0, 20.0, 20.0, 20.0, 20.0, 20.0, 50.0, 20.0, 20.0, 94906.0]
[20.0, 20.0, 20.0, 20.0, 20.0, 20.0, 50.0, 20.0, 50.0, 20.0, 20.0, 20.0, 20.0, 20.0, 20.0, 20.0, 20.0, 20.0, 20.0, 20.0, 20.0, 50.0, 20.0, 20.0, 97243.0]
[20.0, 20.0, 20.0, 20.0, 20.0, 20.0, 20.0, 20.0, 50.0, 20.0, 20.0, 20.0, 20.0, 20.0, 20.0, 20.0, 20.0, 20.0, 20.0, 20.0, 20.0, 20.0, 20.0, 20.0, 92396.0]
[20.0, 20.0, 20.0, 20.0, 20.0, 50.0, 20.0, 20.0, 50.0, 20.0, 20.0, 20.0, 20.0, 20.0, 20.0, 20.0, 20.0, 20.0, 20.0, 20.0, 20.0, 20.0, 20.0, 20.0, 96132.0]
[20.0, 20.0, 20.0, 20.0, 20.0, 20.0, 20.0, 20.0, 50.0, 20.0, 50.0, 20.0, 20.0, 20.0, 20.0, 20.0, 20.0, 20.0, 50.0, 20.0, 20.0, 20.0, 20.0, 20.0, 92674.0]
[20.0, 20.0, 20.0, 20.0, 20.0, 20.0, 50.0, 20.0, 20.0, 20.0, 20.0, 50.0, 20.0, 20.0, 20.0, 20.0, 20.0, 20.0, 20.0, 20.0, 20.0, 50.0, 20.0, 20.0, 85030.0]
[20.0, 20.0, 20.0, 20.0, 20.0, 50.0, 20.0, 20.0, 50.0, 20.0, 20.0, 20.0, 20.0, 20.0, 50.0, 20.0, 20.0, 20.0, 20.0, 20.0, 20.0, 20.0, 20.0, 20.0, 93495.0]
[20.0, 20.0, 20.0, 20.0, 20.0, 20.0, 20.0, 20.0, 50.0, 20.0, 20.0, 20.0, 20.0, 20.0, 20.0, 20.0, 20.0, 20.0, 20.0, 20.0, 20.0, 50.0, 20.0, 20.0, 94810.0]
[20.0, 20.0, 20.0, 20.0, 20.0, 20.0, 20.0, 20.0, 50.0, 20.0, 20.0, 20.0, 20.0, 20.0, 20.0, 20.0, 20.0, 20.0, 20.0, 20.0, 20.0, 20.0, 20.0, 20.0, 92749.0]
[20.0, 20.0, 20.0, 20.0, 20.0, 20.0, 20.0, 20.0, 50.0, 20.0, 20.0, 20.0, 20.0, 20.0, 20.0, 20.0, 20.0, 20.0, 20.0, 20.0, 20.0, 20.0, 20.0, 20.0, 95439.0]
[20.0, 20.0, 20.0, 20.0, 20.0, 20.0, 20.0, 20.0, 20.0, 20.0, 20.0, 20.0, 20.0, 20.0, 50.0, 20.0, 20.0, 20.0, 20.0, 20.0, 20.0, 50.0, 20.0, 20.0, 94714.0]
[20.0, 20.0, 20.0, 20.0, 20.0, 50.0, 20.0, 20.0, 50.0, 20.0, 20.0, 20.0, 20.0, 20.0, 20.0, 20.0, 20.0, 20.0, 20.0, 20.0, 20.0, 20.0, 20.0, 20.0, 96137.0]
[20.0, 20.0, 20.0, 20.0, 20.0, 50.0, 20.0, 20.0, 50.0, 20.0, 20.0, 20.0, 20.0, 20.0, 20.0, 20.0, 20.0, 20.0, 20.0, 20.0, 20.0, 20.0, 20.0, 20.0, 93551.0]
[20.0, 20.0, 20.0, 20.0, 20.0, 20.0, 20.0, 20.0, 50.0, 20.0, 20.0, 20.0, 20.0, 20.0, 20.0, 20.0, 20.0, 20.0, 20.0, 20.0, 20.0, 50.0, 20.0, 20.0, 95346.0]
Cluster: 6
Total items: 19
[20.0, 50.0, 20.0, 20.0, 20.0, 20.0, 20.0, 20.0, 20.0, 20.0, 20.0, 20.0, 20.0, 20.0, 20.0, 20.0, 20.0, 20.0, 50.0, 20.0, 20.0, 50.0, 20.0, 20.0, 55117.0]
[50.0, 20.0, 20.0, 20.0, 20.0, 20.0, 50.0, 20.0, 20.0, 20.0, 20.0, 20.0, 20.0, 20.0, 20.0, 20.0, 20.0, 20.0, 20.0, 20.0, 20.0, 50.0, 20.0, 20.0, 50242.0]
[20.0, 20.0, 20.0, 20.0, 20.0, 50.0, 20.0, 20.0, 20.0, 20.0, 20.0, 20.0, 20.0, 20.0, 20.0, 20.0, 20.0, 20.0, 20.0, 20.0, 20.0, 20.0, 20.0, 20.0, 47801.0]
[20.0, 20.0, 20.0, 20.0, 20.0, 50.0, 20.0, 20.0, 20.0, 20.0, 20.0, 20.0, 20.0, 20.0, 50.0, 20.0, 20.0, 20.0, 20.0, 20.0, 20.0, 20.0, 20.0, 20.0, 54459.0]
[20.0, 20.0, 20.0, 20.0, 20.0, 20.0, 20.0, 20.0, 50.0, 20.0, 20.0, 20.0, 20.0, 20.0, 50.0, 20.0, 20.0, 20.0, 50.0, 20.0, 20.0, 20.0, 20.0, 20.0, 51799.0]
[20.0, 20.0, 20.0, 20.0, 20.0, 20.0, 20.0, 20.0, 20.0, 20.0, 20.0, 20.0, 20.0, 20.0, 50.0, 20.0, 50.0, 20.0, 20.0, 20.0, 20.0, 50.0, 20.0, 20.0, 48091.0]
[20.0, 20.0, 20.0, 20.0, 20.0, 20.0, 20.0, 20.0, 50.0, 20.0, 20.0, 20.0, 20.0, 20.0, 20.0, 20.0, 20.0, 20.0, 20.0, 20.0, 20.0, 50.0, 20.0, 20.0, 55184.0]
[20.0, 50.0, 20.0, 20.0, 20.0, 20.0, 20.0, 20.0, 50.0, 20.0, 20.0, 20.0, 20.0, 20.0, 20.0, 20.0, 20.0, 20.0, 20.0, 20.0, 20.0, 20.0, 20.0, 20.0, 53253.0]
[20.0, 20.0, 20.0, 20.0, 20.0, 20.0, 20.0, 20.0, 50.0, 20.0, 20.0, 20.0, 20.0, 20.0, 20.0, 20.0, 50.0, 20.0, 20.0, 20.0, 20.0, 50.0, 20.0, 20.0, 48395.0]
[20.0, 20.0, 20.0, 20.0, 20.0, 50.0, 20.0, 20.0, 50.0, 20.0, 20.0, 20.0, 20.0, 20.0, 20.0, 20.0, 20.0, 20.0, 20.0, 20.0, 20.0, 20.0, 20.0, 20.0, 55924.0]
[50.0, 20.0, 20.0, 20.0, 20.0, 20.0, 50.0, 20.0, 50.0, 20.0, 20.0, 20.0, 20.0, 20.0, 20.0, 20.0, 20.0, 20.0, 20.0, 20.0, 20.0, 20.0, 20.0, 20.0, 54798.0]
[20.0, 20.0, 20.0, 20.0, 20.0, 20.0, 20.0, 20.0, 50.0, 20.0, 20.0, 20.0, 20.0, 20.0, 20.0, 20.0, 20.0, 20.0, 20.0, 20.0, 20.0, 50.0, 20.0, 20.0, 48136.0]
[20.0, 50.0, 20.0, 20.0, 20.0, 20.0, 20.0, 20.0, 20.0, 50.0, 50.0, 20.0, 20.0, 20.0, 20.0, 20.0, 20.0, 20.0, 20.0, 20.0, 20.0, 20.0, 20.0, 20.0, 52059.0]
[20.0, 20.0, 20.0, 20.0, 20.0, 50.0, 20.0, 20.0, 20.0, 20.0, 20.0, 20.0, 20.0, 20.0, 20.0, 50.0, 20.0, 20.0, 20.0, 20.0, 20.0, 20.0, 20.0, 20.0, 46776.0]
[20.0, 20.0, 20.0, 20.0, 20.0, 20.0, 20.0, 20.0, 50.0, 20.0, 20.0, 20.0, 20.0, 20.0, 50.0, 20.0, 20.0, 20.0, 20.0, 20.0, 20.0, 50.0, 20.0, 20.0, 55960.0]
[20.0, 20.0, 20.0, 20.0, 20.0, 50.0, 20.0, 20.0, 50.0, 20.0, 20.0, 20.0, 20.0, 20.0, 20.0, 20.0, 20.0, 20.0, 20.0, 20.0, 20.0, 20.0, 20.0, 20.0, 48049.0]
[20.0, 20.0, 20.0, 20.0, 20.0, 20.0, 50.0, 20.0, 50.0, 20.0, 20.0, 50.0, 20.0, 20.0, 20.0, 20.0, 20.0, 20.0, 20.0, 20.0, 20.0, 20.0, 20.0, 20.0, 46070.0]
[20.0, 20.0, 20.0, 20.0, 20.0, 50.0, 20.0, 20.0, 20.0, 20.0, 50.0, 20.0, 20.0, 20.0, 20.0, 20.0, 20.0, 20.0, 20.0, 20.0, 20.0, 20.0, 20.0, 20.0, 54176.0]
[50.0, 50.0, 20.0, 20.0, 20.0, 20.0, 20.0, 20.0, 20.0, 20.0, 50.0, 20.0, 20.0, 20.0, 20.0, 20.0, 20.0, 20.0, 20.0, 20.0, 20.0, 20.0, 20.0, 20.0, 46250.0]
Cluster: 7
Total items: 12
[20.0, 20.0, 20.0, 20.0, 20.0, 20.0, 50.0, 20.0, 20.0, 20.0, 20.0, 20.0, 20.0, 20.0, 50.0, 20.0, 20.0, 20.0, 20.0, 20.0, 20.0, 50.0, 20.0, 20.0, 33542.0]
[20.0, 20.0, 20.0, 20.0, 20.0, 50.0, 20.0, 20.0, 50.0, 20.0, 20.0, 20.0, 20.0, 20.0, 20.0, 20.0, 20.0, 20.0, 20.0, 20.0, 20.0, 20.0, 20.0, 20.0, 37303.0]
[20.0, 20.0, 20.0, 20.0, 20.0, 20.0, 20.0, 20.0, 50.0, 20.0, 20.0, 20.0, 20.0, 20.0, 20.0, 20.0, 20.0, 20.0, 20.0, 20.0, 20.0, 20.0, 20.0, 20.0, 42872.0]
[20.0, 20.0, 20.0, 20.0, 20.0, 20.0, 20.0, 20.0, 50.0, 20.0, 20.0, 20.0, 20.0, 20.0, 20.0, 20.0, 50.0, 20.0, 20.0, 20.0, 20.0, 50.0, 20.0, 20.0, 38376.0]
[20.0, 20.0, 20.0, 20.0, 20.0, 20.0, 20.0, 20.0, 20.0, 20.0, 20.0, 20.0, 20.0, 20.0, 50.0, 20.0, 50.0, 20.0, 20.0, 20.0, 20.0, 20.0, 20.0, 20.0, 39587.0]
[20.0, 20.0, 20.0, 20.0, 20.0, 20.0, 20.0, 20.0, 50.0, 20.0, 50.0, 20.0, 20.0, 20.0, 20.0, 20.0, 20.0, 20.0, 20.0, 20.0, 20.0, 20.0, 20.0, 20.0, 37653.0]
[50.0, 50.0, 20.0, 20.0, 20.0, 50.0, 20.0, 20.0, 20.0, 20.0, 20.0, 20.0, 20.0, 20.0, 20.0, 20.0, 20.0, 20.0, 20.0, 20.0, 20.0, 20.0, 20.0, 20.0, 36490.0]
[20.0, 20.0, 20.0, 20.0, 20.0, 50.0, 20.0, 20.0, 20.0, 20.0, 20.0, 20.0, 20.0, 20.0, 20.0, 20.0, 20.0, 20.0, 20.0, 20.0, 20.0, 20.0, 20.0, 20.0, 34844.0]
[20.0, 20.0, 20.0, 20.0, 20.0, 20.0, 20.0, 20.0, 50.0, 20.0, 20.0, 20.0, 20.0, 20.0, 20.0, 20.0, 20.0, 20.0, 20.0, 20.0, 20.0, 20.0, 20.0, 20.0, 44282.0]
[20.0, 20.0, 20.0, 20.0, 20.0, 20.0, 20.0, 20.0, 20.0, 20.0, 20.0, 20.0, 20.0, 20.0, 20.0, 20.0, 20.0, 20.0, 50.0, 20.0, 20.0, 50.0, 20.0, 20.0, 39063.0]
[20.0, 20.0, 20.0, 20.0, 20.0, 20.0, 20.0, 20.0, 50.0, 20.0, 20.0, 20.0, 20.0, 20.0, 20.0, 20.0, 20.0, 20.0, 20.0, 50.0, 20.0, 20.0, 20.0, 20.0, 37242.0]
[20.0, 20.0, 20.0, 20.0, 20.0, 50.0, 20.0, 20.0, 20.0, 20.0, 20.0, 20.0, 20.0, 20.0, 20.0, 20.0, 20.0, 20.0, 20.0, 20.0, 20.0, 20.0, 20.0, 20.0, 41847.0]
Cluster: 8
Total items: 13
[20.0, 20.0, 20.0, 20.0, 20.0, 20.0, 50.0, 20.0, 50.0, 20.0, 20.0, 20.0, 20.0, 20.0, 20.0, 20.0, 20.0, 20.0, 20.0, 20.0, 20.0, 50.0, 20.0, 20.0, 61261.0]
[50.0, 20.0, 20.0, 20.0, 20.0, 20.0, 50.0, 20.0, 20.0, 20.0, 20.0, 20.0, 20.0, 20.0, 20.0, 20.0, 20.0, 20.0, 20.0, 20.0, 20.0, 20.0, 20.0, 20.0, 62222.0]
[20.0, 20.0, 20.0, 20.0, 20.0, 20.0, 20.0, 20.0, 20.0, 20.0, 20.0, 20.0, 20.0, 20.0, 50.0, 20.0, 50.0, 20.0, 20.0, 20.0, 20.0, 20.0, 20.0, 20.0, 58645.0]
[20.0, 20.0, 20.0, 20.0, 20.0, 50.0, 20.0, 20.0, 20.0, 20.0, 20.0, 20.0, 20.0, 20.0, 20.0, 50.0, 20.0, 20.0, 20.0, 20.0, 20.0, 20.0, 20.0, 20.0, 61765.0]
[20.0, 20.0, 20.0, 20.0, 20.0, 50.0, 50.0, 20.0, 50.0, 20.0, 20.0, 20.0, 20.0, 20.0, 20.0, 20.0, 20.0, 20.0, 20.0, 20.0, 20.0, 20.0, 20.0, 20.0, 62801.0]
[20.0, 20.0, 20.0, 20.0, 20.0, 20.0, 20.0, 20.0, 20.0, 20.0, 20.0, 20.0, 20.0, 20.0, 50.0, 20.0, 20.0, 20.0, 50.0, 20.0, 20.0, 50.0, 20.0, 20.0, 61397.0]
[20.0, 50.0, 20.0, 20.0, 20.0, 20.0, 20.0, 20.0, 50.0, 20.0, 20.0, 20.0, 20.0, 20.0, 20.0, 20.0, 20.0, 20.0, 20.0, 20.0, 20.0, 20.0, 20.0, 20.0, 59838.0]
[50.0, 20.0, 20.0, 20.0, 20.0, 20.0, 50.0, 20.0, 20.0, 20.0, 20.0, 20.0, 20.0, 20.0, 20.0, 20.0, 20.0, 20.0, 20.0, 20.0, 20.0, 50.0, 20.0, 20.0, 63223.0]
[20.0, 20.0, 20.0, 20.0, 20.0, 50.0, 20.0, 20.0, 50.0, 20.0, 20.0, 20.0, 20.0, 20.0, 20.0, 20.0, 20.0, 20.0, 20.0, 20.0, 20.0, 20.0, 20.0, 20.0, 61843.0]
[20.0, 20.0, 20.0, 20.0, 20.0, 50.0, 50.0, 20.0, 20.0, 20.0, 20.0, 20.0, 20.0, 20.0, 20.0, 20.0, 20.0, 20.0, 20.0, 20.0, 20.0, 20.0, 20.0, 20.0, 59506.0]
[20.0, 20.0, 20.0, 20.0, 20.0, 20.0, 20.0, 20.0, 20.0, 20.0, 20.0, 20.0, 20.0, 20.0, 50.0, 20.0, 20.0, 20.0, 20.0, 20.0, 20.0, 20.0, 20.0, 20.0, 65856.0]
[20.0, 20.0, 20.0, 20.0, 20.0, 50.0, 20.0, 20.0, 20.0, 20.0, 50.0, 20.0, 20.0, 20.0, 20.0, 20.0, 20.0, 20.0, 20.0, 20.0, 20.0, 20.0, 20.0, 20.0, 60478.0]
[20.0, 50.0, 20.0, 20.0, 20.0, 20.0, 20.0, 20.0, 50.0, 20.0, 20.0, 20.0, 20.0, 20.0, 20.0, 20.0, 20.0, 20.0, 20.0, 20.0, 20.0, 20.0, 20.0, 20.0, 57544.0]
Cluster: 9
Total items: 10
[20.0, 20.0, 20.0, 20.0, 20.0, 20.0, 50.0, 20.0, 20.0, 20.0, 20.0, 20.0, 20.0, 20.0, 20.0, 20.0, 20.0, 20.0, 20.0, 20.0, 20.0, 50.0, 20.0, 20.0, 17874.0]
[20.0, 20.0, 20.0, 20.0, 20.0, 20.0, 20.0, 20.0, 50.0, 20.0, 20.0, 20.0, 20.0, 20.0, 20.0, 20.0, 20.0, 20.0, 20.0, 20.0, 20.0, 20.0, 20.0, 20.0, 18919.0]
[20.0, 20.0, 20.0, 20.0, 20.0, 20.0, 20.0, 20.0, 20.0, 20.0, 20.0, 20.0, 20.0, 20.0, 50.0, 20.0, 50.0, 20.0, 20.0, 20.0, 20.0, 20.0, 20.0, 20.0, 13999.0]
[50.0, 50.0, 20.0, 20.0, 20.0, 50.0, 20.0, 20.0, 20.0, 20.0, 20.0, 20.0, 20.0, 20.0, 20.0, 20.0, 20.0, 20.0, 20.0, 20.0, 20.0, 20.0, 20.0, 20.0, 15824.0]
[20.0, 20.0, 20.0, 20.0, 20.0, 50.0, 50.0, 20.0, 20.0, 20.0, 20.0, 20.0, 20.0, 20.0, 20.0, 50.0, 20.0, 20.0, 20.0, 20.0, 20.0, 20.0, 20.0, 20.0, 14235.0]
[20.0, 20.0, 20.0, 20.0, 20.0, 20.0, 20.0, 20.0, 20.0, 20.0, 20.0, 20.0, 20.0, 20.0, 20.0, 20.0, 20.0, 20.0, 20.0, 20.0, 20.0, 50.0, 20.0, 20.0, 12535.0]
[50.0, 50.0, 20.0, 20.0, 20.0, 20.0, 20.0, 20.0, 50.0, 20.0, 20.0, 20.0, 20.0, 20.0, 20.0, 20.0, 20.0, 20.0, 20.0, 20.0, 20.0, 20.0, 20.0, 20.0, 13380.0]
[20.0, 20.0, 20.0, 20.0, 20.0, 20.0, 20.0, 20.0, 20.0, 20.0, 20.0, 20.0, 20.0, 20.0, 50.0, 20.0, 20.0, 20.0, 20.0, 20.0, 20.0, 50.0, 20.0, 20.0, 19924.0]
[20.0, 20.0, 20.0, 20.0, 20.0, 20.0, 20.0, 20.0, 50.0, 20.0, 20.0, 20.0, 20.0, 20.0, 20.0, 20.0, 20.0, 20.0, 20.0, 20.0, 20.0, 20.0, 20.0, 20.0, 13177.0]
[20.0, 20.0, 20.0, 20.0, 20.0, 20.0, 20.0, 20.0, 20.0, 20.0, 20.0, 50.0, 20.0, 20.0, 20.0, 20.0, 20.0, 20.0, 20.0, 20.0, 20.0, 50.0, 20.0, 20.0, 18708.0]
